  
       XFOIL         Version 6.99
  
 Calculated polar for: NACA 0012                                       
  
 1 1 Reynolds number fixed          Mach number fixed         
  
 xtrf =   1.000 (top)        1.000 (bottom)  
 Mach =   0.100     Re =     1.000 e 6     Ncrit =   9.000
  
   alpha    CL        CD       CDp       CM     Top_Xtr  Bot_Xtr
  ------ -------- --------- --------- -------- -------- --------
 -10.000  -1.0861   0.01525   0.00943  -0.0065   1.0000   0.0249
  -9.500  -1.0424   0.01443   0.00857  -0.0043   1.0000   0.0273
  -9.000  -1.0003   0.01359   0.00768  -0.0018   1.0000   0.0300
  -8.500  -0.9570   0.01294   0.00699   0.0006   1.0000   0.0330
  -8.000  -0.9156   0.01221   0.00627   0.0034   1.0000   0.0373
  -7.500  -0.8739   0.01159   0.00565   0.0062   1.0000   0.0425
  -7.000  -0.8318   0.01104   0.00510   0.0089   1.0000   0.0492
  -6.500  -0.7678   0.01042   0.00454   0.0070   0.9975   0.0608
  -6.000  -0.6976   0.00979   0.00402   0.0037   0.9943   0.0793
  -5.500  -0.6301   0.00917   0.00354   0.0010   0.9895   0.1063
  -5.000  -0.5598   0.00852   0.00309  -0.0022   0.9852   0.1455
  -4.500  -0.4929   0.00790   0.00269  -0.0047   0.9785   0.1948
  -4.000  -0.4303   0.00732   0.00235  -0.0062   0.9678   0.2496
  -3.500  -0.3752   0.00684   0.00206  -0.0058   0.9500   0.3055
  -3.000  -0.3219   0.00643   0.00182  -0.0049   0.9273   0.3602
  -2.500  -0.2690   0.00609   0.00162  -0.0039   0.8992   0.4161
  -2.000  -0.2157   0.00583   0.00145  -0.0030   0.8654   0.4712
  -1.500  -0.1620   0.00565   0.00132  -0.0022   0.8261   0.5253
  -1.000  -0.1081   0.00552   0.00122  -0.0014   0.7820   0.5793
  -0.500  -0.0541   0.00545   0.00117  -0.0007   0.7344   0.6322
   0.000   0.0000   0.00543   0.00115  -0.0000   0.6840   0.6840
   0.500   0.0541   0.00545   0.00117   0.0007   0.6321   0.7344
   1.000   0.1081   0.00552   0.00122   0.0014   0.5794   0.7819
   1.500   0.1621   0.00565   0.00132   0.0022   0.5252   0.8260
   2.000   0.2157   0.00583   0.00145   0.0030   0.4712   0.8654
   2.500   0.2691   0.00609   0.00162   0.0039   0.4161   0.8992
   3.000   0.3219   0.00643   0.00182   0.0049   0.3602   0.9273
   3.500   0.3752   0.00684   0.00206   0.0058   0.3055   0.9500
   4.000   0.4303   0.00732   0.00235   0.0061   0.2496   0.9678
   4.500   0.4929   0.00790   0.00269   0.0047   0.1949   0.9785
   5.000   0.5598   0.00852   0.00309   0.0022   0.1454   0.9852
   5.500   0.6301   0.00917   0.00353  -0.0010   0.1063   0.9895
   6.000   0.6977   0.00979   0.00402  -0.0037   0.0793   0.9943
   6.500   0.7678   0.01042   0.00454  -0.0070   0.0608   0.9975
   7.000   0.8317   0.01104   0.00510  -0.0089   0.0492   1.0000
   7.500   0.8738   0.01159   0.00565  -0.0062   0.0425   1.0000
   8.000   0.9156   0.01221   0.00626  -0.0034   0.0373   1.0000
   8.500   0.9570   0.01293   0.00699  -0.0006   0.0330   1.0000
   9.000   1.0002   0.01359   0.00768   0.0018   0.0300   1.0000
   9.500   1.0424   0.01443   0.00857   0.0043   0.0273   1.0000
  10.000   1.0862   0.01525   0.00943   0.0064   0.0249   1.0000
  11.000   1.1721   0.01726   0.01160   0.0105   0.0216   1.0000
  11.500   1.2086   0.01877   0.01320   0.0132   0.0200   1.0000
  12.000   1.2497   0.01981   0.01436   0.0153   0.0190   1.0000
  12.500   1.2861   0.02111   0.01576   0.0178   0.0180   1.0000
  13.000   1.3085   0.02297   0.01773   0.0220   0.0170   1.0000
  13.500   1.3245   0.02515   0.02009   0.0265   0.0165   1.0000
  14.000   1.3435   0.02741   0.02255   0.0296   0.0159   1.0000
  14.500   1.3573   0.03041   0.02573   0.0318   0.0154   1.0000
  15.000   1.3675   0.03423   0.02972   0.0328   0.0149   1.0000
  15.500   1.3700   0.03953   0.03520   0.0321   0.0144   1.0000
  16.000   1.3554   0.04774   0.04364   0.0290   0.0141   1.0000
  16.500   1.3220   0.05936   0.05555   0.0234   0.0138   1.0000
  17.000   1.2930   0.07103   0.06747   0.0176   0.0137   1.0000
  17.500   1.2579   0.08412   0.08081   0.0109   0.0136   1.0000
  18.000   1.2182   0.09848   0.09541   0.0035   0.0136   1.0000
  18.500   1.1782   0.11341   0.11057  -0.0042   0.0135   1.0000
  19.000   1.1394   0.12884   0.12621  -0.0125   0.0135   1.0000
  19.500   1.1020   0.14472   0.14230  -0.0215   0.0134   1.0000
  20.000   1.0591   0.16295   0.16076  -0.0322   0.0133   1.0000
