Air density by altitude table
Altitude (km)	Altitude (ft)	Temperature (°C)	Pressure (kPa)	Density (kg/m3)	Density Ratio
0	0	15.0	101.325	1.2250	1.000
1	3,281	8.5	89.875	1.1116	0.907
2	6,562	2.0	79.495	1.0065	0.822
3	9,843	-4.5	70.108	0.9093	0.742
4	13,123	-11.0	61.640	0.8194	0.669
5	16,404	-17.5	54.020	0.7364	0.601
6	19,685	-24.0	47.181	0.6601	0.539
7	22,966	-30.5	41.061	0.5900	0.482
8	26,247	-37.0	35.600	0.5258	0.429
9	29,528	-43.5	30.742	0.4671	0.381
10	32,808	-50.0	26.436	0.4135	0.338
11	36,089	-56.5	22.632	0.3639	0.297
12	39,370	-56.5	19.330	0.3108	0.254
15	49,213	-56.5	12.045	0.1937	0.158
20	65,617	-56.5	5.475	0.08891	0.073
25	82,021	-51.6	2.511	0.04008	0.033
30	98,425	-46.6	1.172	0.01841	0.015
40	131,234	-22.1	0.287	0.003996	0.0033
50	164,042	-2.5	0.0798	0.001027	0.00084
60	196,850	-26.1	0.0203	0.0003097	0.00025
70	229,659	-53.6	0.00463	0.00008283	0.000068
80	262,467	-74.5	0.000886	0.00001846	0.000015
86	282,152	-86.3	0.000373	0.00000696	0.0000057